{
    "regex": null,
    "embedding": null,
    "scoring": {
        "train_scores": [
            [
                0.6630434286992836,
                0.16446344012449407,
                0.13781250623795296,
                0.03468062493826942
            ],
            [
                0.8226197919065356,
                0.06940385218635416,
                0.09077559692939194,
                0.01720075897771842
            ],
            [
                0.39689706066812264,
                0.2678759772843089,
                0.29686784494973895,
                0.03835911709782958
            ],
            [
                0.4282483140597191,
                0.11113732203127305,
                0.4231707751720097,
                0.03744358873699826
            ],
            [
                0.32491023652175366,
                0.4813140358217999,
                0.16121895594966038,
                0.032556771706786114
            ],
            [
                0.07544552921267442,
                0.11567550079200245,
                0.06175493187358558,
                0.7471240381217376
            ],
            [
                0.43422723600611557,
                0.24880965739060013,
                0.25035013443916576,
                0.06661297216411856
            ],
            [
                0.22180022497533677,
                0.591983518965607,
                0.14783052698648858,
                0.0383857290725678
            ],
            [
                0.2699038396270764,
                0.22664219599940502,
                0.4071327486297756,
                0.09632121574374278
            ],
            [
                0.8226162864452148,
                0.07273537719623693,
                0.08783843417407357,
                0.016809902184474746
            ],
            [
                0.2699038396270764,
                0.22664219599940502,
                0.4071327486297756,
                0.09632121574374278
            ],
            [
                0.3049926861773186,
                0.47659467246129616,
                0.18183895942730363,
                0.03657368193408169
            ],
            [
                0.09087331575301492,
                0.07488778859032963,
                0.07210938396211652,
                0.7621295116945388
            ],
            [
                0.7847781113560546,
                0.08413607984581398,
                0.09970844771741955,
                0.03137736108071192
            ],
            [
                0.26477496982769344,
                0.5475958496475144,
                0.13563370452611329,
                0.0519954759986789
            ],
            [
                0.20445334063172868,
                0.587668863011638,
                0.16954373662274164,
                0.038334059733891666
            ],
            [
                0.7847781113560546,
                0.08413607984581398,
                0.09970844771741955,
                0.03137736108071192
            ],
            [
                0.3810105382659803,
                0.2254627735787491,
                0.3270616074050312,
                0.06646508075023923
            ],
            [
                0.5784633385779513,
                0.18627279611493971,
                0.20802179404257914,
                0.027242071264529943
            ],
            [
                0.4386108972159614,
                0.29937272159206396,
                0.17353412769778542,
                0.08848225349418913
            ],
            [
                0.0751242403233205,
                0.08111898249273246,
                0.06424596996506156,
                0.7795108072188855
            ],
            [
                0.36390044336388866,
                0.1972782376818959,
                0.3372378083319395,
                0.10158351062227589
            ],
            [
                0.08220929342691698,
                0.07716558063817858,
                0.06563532799003285,
                0.7749897979448716
            ],
            [
                0.6227458761096277,
                0.12750441528798165,
                0.22708947737401985,
                0.02266023122837076
            ],
            [
                0.0774544975731307,
                0.07336623600093861,
                0.07259799447895643,
                0.7765812719469742
            ],
            [
                0.4265314301217972,
                0.3023097260235553,
                0.1635639636599452,
                0.10759488019470237
            ],
            [
                0.11730624957162282,
                0.4591446559403191,
                0.3674298381775666,
                0.05611925631049145
            ],
            [
                0.3043091812357923,
                0.42521991813746307,
                0.22373148496648163,
                0.04673941566026291
            ],
            [
                0.2974791671003394,
                0.48394048748175,
                0.16423923000463989,
                0.05434111541327067
            ],
            [
                0.1144229508125634,
                0.5670055024616771,
                0.2754224998052544,
                0.043149046920504905
            ]
        ],
        "validation_scores": [
            [
                0.2974791671003394,
                0.48394048748175,
                0.16423923000463989,
                0.05434111541327067
            ],
            [
                0.26477496982769344,
                0.5475958496475144,
                0.13563370452611329,
                0.0519954759986789
            ],
            [
                0.4265314301217972,
                0.3023097260235553,
                0.1635639636599452,
                0.10759488019470237
            ],
            [
                0.14627860786378402,
                0.7137674261933882,
                0.11327280669928133,
                0.02668115924354654
            ],
            [
                0.4386108972159614,
                0.29937272159206396,
                0.17353412769778542,
                0.08848225349418913
            ],
            [
                0.3249100598122743,
                0.48131427615708516,
                0.16121890220110452,
                0.032556761829536124
            ],
            [
                0.05273591902702288,
                0.05092461106976009,
                0.04090667762504169,
                0.8554327922781755
            ],
            [
                0.0807894283328404,
                0.0840372373073371,
                0.078680346394768,
                0.7564929879650546
            ]
        ],
        "test_scores": null,
        "folded_scores": null
    },
    "decision": null
}